{
    "top_p": 0.9606741896406599,
    "temperature": 0.9958841383838128,
    "max_tokens": 100,
    "presence_penalty": 0.8008297102234525,
    "frequency_penalty": 0.756089396086944,
    "model": "llama2_13b"
}