{
    "top_p": 0.8649541268812061,
    "temperature": 0.9272289407634724,
    "max_tokens": 100,
    "presence_penalty": 0.6164038360483436,
    "frequency_penalty": 0.6503043558040617,
    "model_name": "tulu_7b"
}