{
    "top_p": 0.9281367702626074,
    "temperature": 0.6478327142008734,
    "max_tokens": 100,
    "presence_penalty": 0.5778126575464624,
    "frequency_penalty": 0.06011154807898955,
    "model": "baichuan13b"
}