{
    "top_p": 0.9384176577042811,
    "temperature": 0.9130471131391111,
    "max_tokens": 100,
    "presence_penalty": 0.6331776539929115,
    "frequency_penalty": 0.30566267018367743,
    "model": "baichuan7b"
}