{
    "top_p": 0.8631759823180503,
    "temperature": 0.9724790250750412,
    "max_tokens": 100,
    "presence_penalty": 0.5492780135110158,
    "frequency_penalty": 0.03644058645345549,
    "model": "baichuan7b"
}