{
    "top_p": 0.9704746757904119,
    "temperature": 0.5127045736750824,
    "max_tokens": 100,
    "presence_penalty": 0.1511982259593293,
    "frequency_penalty": 0.913386029501963,
    "model_name": "baichuan13b_chat"
}