{
    "top_p": 0.9791042552379775,
    "temperature": 0.8880880281629402,
    "max_tokens": 100,
    "presence_penalty": 0.923391650322234,
    "frequency_penalty": 0.8858263561612507,
    "model_name": "gemma7bit"
}