{
    "top_p": 0.827958388395268,
    "temperature": 0.9567105512588778,
    "max_tokens": 100,
    "presence_penalty": 0.24552038932507858,
    "frequency_penalty": 0.06285946080182847,
    "model_name": "baichuan13b_chat"
}