{
    "top_p": 0.9162450738960394,
    "temperature": 0.9069063884028101,
    "max_tokens": 100,
    "presence_penalty": 0.36644170152577904,
    "frequency_penalty": 0.4359708630817185,
    "model": "baichuan13b"
}