{
    "top_p": 0.8535983619969092,
    "temperature": 0.8638132035079833,
    "max_tokens": 100,
    "presence_penalty": 0.6921444083959266,
    "frequency_penalty": 0.23736469127052684,
    "model": "llama2_13b"
}