{
    "top_p": 0.9303907089673249,
    "temperature": 0.6805893981606121,
    "max_tokens": 100,
    "presence_penalty": 0.5902508632526954,
    "frequency_penalty": 0.9248411214115659,
    "model_name": "tulu_7b"
}