{
    "top_p": 0.8822621626636228,
    "temperature": 0.5507303528349972,
    "max_tokens": 100,
    "presence_penalty": 0.9756819603074399,
    "frequency_penalty": 0.1263314842230221,
    "model_name": "gemma7bit"
}