{
    "top_p": 0.9924909425919952,
    "temperature": 0.8387335011438934,
    "max_tokens": 100,
    "presence_penalty": 0.9400094264489571,
    "frequency_penalty": 0.6474051827942836,
    "model_name": "tulu_13b"
}