{
    "top_p": 0.9646741741601672,
    "temperature": 0.8306300650604125,
    "max_tokens": 100,
    "presence_penalty": 0.46663459150809394,
    "frequency_penalty": 0.24834180497609382,
    "model_name": "tulu_7b"
}