{
    "top_p": 0.8108202509558057,
    "temperature": 0.9400856008667808,
    "max_tokens": 100,
    "presence_penalty": 0.3761736471622853,
    "frequency_penalty": 0.49423453175108734,
    "model_name": "baichuan7b_chat"
}