{
    "top_p": 0.8496834599308697,
    "temperature": 0.7469962551230693,
    "max_tokens": 100,
    "presence_penalty": 0.9983278415226735,
    "frequency_penalty": 0.06576172590220486,
    "model_name": "gemma7bit"
}