{
    "top_p": 0.870678088041425,
    "temperature": 0.6279923586721097,
    "max_tokens": 100,
    "presence_penalty": 0.15375023132577914,
    "frequency_penalty": 0.0753233989879013,
    "model_name": "tulu_13b"
}