{
    "top_p": 0.8938354009273779,
    "temperature": 0.9808054371121688,
    "max_tokens": 100,
    "presence_penalty": 0.9391962261583723,
    "frequency_penalty": 0.9165324240774255,
    "model_name": "baichuan7b_chat"
}