{
    "top_p": 0.9210695831455126,
    "temperature": 0.9276350782259448,
    "max_tokens": 100,
    "presence_penalty": 0.7748757174451723,
    "frequency_penalty": 0.94542842213992,
    "model_name": "baichuan7b_chat"
}