{
    "top_p": 0.9719240246360384,
    "temperature": 0.7138740375178614,
    "max_tokens": 100,
    "presence_penalty": 0.787714971857456,
    "frequency_penalty": 0.9192082324377168,
    "model_name": "gemma7bit"
}