{
    "top_p": 0.8200875217428841,
    "temperature": 0.7339334680366039,
    "max_tokens": 100,
    "presence_penalty": 0.5257900539864266,
    "frequency_penalty": 0.8403951295734826,
    "model": "llama2_7b"
}