{
    "top_p": 0.9857176279216069,
    "temperature": 0.6124785382687579,
    "max_tokens": 100,
    "presence_penalty": 0.6175382031391375,
    "frequency_penalty": 0.205482660198249,
    "model": "llama2_13b"
}