{
    "top_p": 0.8924766846758099,
    "temperature": 0.8358937313279584,
    "max_tokens": 100,
    "presence_penalty": 0.9494609233737311,
    "frequency_penalty": 0.963669684409744,
    "model_name": "gemma7bit"
}