{
    "top_p": 0.9290547301110771,
    "temperature": 0.7673429752730339,
    "max_tokens": 100,
    "presence_penalty": 0.312035521702823,
    "frequency_penalty": 0.1257063249622835,
    "model_name": "gemma7bit"
}