{
    "top_p": 0.9815201991693401,
    "temperature": 0.6375058009938854,
    "max_tokens": 100,
    "presence_penalty": 0.770784857479116,
    "frequency_penalty": 0.07925576368645326,
    "model_name": "gemma7bit"
}