{
    "top_p": 0.9879876943266499,
    "temperature": 0.6304401067240084,
    "max_tokens": 100,
    "presence_penalty": 0.1440661233617403,
    "frequency_penalty": 0.7486972078529996,
    "model": "baichuan13b"
}