{
    "top_p": 0.9481102621273838,
    "temperature": 0.726835387520264,
    "max_tokens": 100,
    "presence_penalty": 0.07464444365452205,
    "frequency_penalty": 0.8082721862058362,
    "model": "baichuan7b"
}