{
    "top_p": 0.9160949667159282,
    "temperature": 0.5668991148304467,
    "max_tokens": 100,
    "presence_penalty": 0.467381784156352,
    "frequency_penalty": 0.10834336205342843,
    "model_name": "gemma7bit"
}