{
    "top_p": 0.8968494265578177,
    "temperature": 0.7152557020885211,
    "max_tokens": 100,
    "presence_penalty": 0.6681482364235153,
    "frequency_penalty": 0.8272914885884916,
    "model": "baichuan7b"
}