{
    "top_p": 0.9583271420214466,
    "temperature": 0.8244984102881815,
    "max_tokens": 100,
    "presence_penalty": 0.27461648876937217,
    "frequency_penalty": 0.7446656916540845,
    "model_name": "gemma7bit"
}