{
    "top_p": 0.8829518881315409,
    "temperature": 0.9713305318697794,
    "max_tokens": 100,
    "presence_penalty": 0.3601717188171505,
    "frequency_penalty": 0.8543206262813537,
    "model_name": "tulu_13b"
}