{
    "top_p": 0.9275410095716828,
    "temperature": 0.876293392112341,
    "max_tokens": 100,
    "presence_penalty": 0.34917336733231175,
    "frequency_penalty": 0.15964211879891366,
    "model_name": "gemma7bit"
}