{
    "top_p": 0.9314677418638796,
    "temperature": 0.8557731581897113,
    "max_tokens": 100,
    "presence_penalty": 0.02602103351939744,
    "frequency_penalty": 0.44067439058731306,
    "model_name": "baichuan7b_chat"
}