{
    "top_p": 0.8627776979920271,
    "temperature": 0.9348793700762595,
    "max_tokens": 100,
    "presence_penalty": 0.14561313089421035,
    "frequency_penalty": 0.9369061620698431,
    "model_name": "gemma7bit"
}