{
    "top_p": 0.8235439640946907,
    "temperature": 0.8766010473366144,
    "max_tokens": 100,
    "presence_penalty": 0.5811752946674947,
    "frequency_penalty": 0.5212613746207075,
    "model": "baichuan13b"
}