{
    "top_p": 0.8407524146068551,
    "temperature": 0.7163776917553953,
    "max_tokens": 100,
    "presence_penalty": 0.4648239115198394,
    "frequency_penalty": 0.8427183058095943,
    "model": "baichuan7b"
}