{
    "top_p": 0.8596346444372308,
    "temperature": 0.9597259794034603,
    "max_tokens": 100,
    "presence_penalty": 0.6739341880592314,
    "frequency_penalty": 0.8861141640604522,
    "model_name": "baichuan13b_chat"
}