{
    "top_p": 0.8027421418320945,
    "temperature": 0.7777662099663034,
    "max_tokens": 100,
    "presence_penalty": 0.801871517652705,
    "frequency_penalty": 0.3172931338892835,
    "model_name": "tulu_7b"
}