{
    "top_p": 0.9492284095639576,
    "temperature": 0.5149588094399469,
    "max_tokens": 100,
    "presence_penalty": 0.929075686312083,
    "frequency_penalty": 0.14828395365630775,
    "model_name": "baichuan13b_chat"
}