{
    "top_p": 0.8204058994473784,
    "temperature": 0.5876924413750965,
    "max_tokens": 100,
    "presence_penalty": 0.5485827324991632,
    "frequency_penalty": 0.6811119721576517,
    "model_name": "baichuan13b_chat"
}