{
    "top_p": 0.9304694135551665,
    "temperature": 0.740521095401213,
    "max_tokens": 100,
    "presence_penalty": 0.09409135754171649,
    "frequency_penalty": 0.22127178550614257,
    "model_name": "baichuan7b_chat"
}