{
    "top_p": 0.8493472187036402,
    "temperature": 0.6327669811852528,
    "max_tokens": 100,
    "presence_penalty": 0.8691388259316751,
    "frequency_penalty": 0.22585252485423069,
    "model_name": "tulu_7b"
}