{
    "top_p": 0.9789988469744599,
    "temperature": 0.6523128960860244,
    "max_tokens": 100,
    "presence_penalty": 0.4427679189748085,
    "frequency_penalty": 0.9049679483643308,
    "model_name": "gemma7bit"
}