{
    "top_p": 0.9709439570344518,
    "temperature": 0.8200089372644072,
    "max_tokens": 100,
    "presence_penalty": 0.819046693797432,
    "frequency_penalty": 0.9204293727037184,
    "model": "llama2_7b"
}