{
    "top_p": 0.8480457897314384,
    "temperature": 0.8796381090578865,
    "max_tokens": 100,
    "presence_penalty": 0.95269478427039,
    "frequency_penalty": 0.8989479048496841,
    "model": "llama2_7b"
}