{
    "top_p": 0.8377734268051005,
    "temperature": 0.6738934275479858,
    "max_tokens": 100,
    "presence_penalty": 0.36958353813613787,
    "frequency_penalty": 0.8511334107770147,
    "model": "llama2_7b"
}