{
    "top_p": 0.8297496247964279,
    "temperature": 0.8457431474446465,
    "max_tokens": 100,
    "presence_penalty": 0.4945595751589714,
    "frequency_penalty": 0.12103879416029362,
    "model": "baichuan13b"
}