{
    "top_p": 0.9801867286795947,
    "temperature": 0.984392042486793,
    "max_tokens": 100,
    "presence_penalty": 0.07877722335553994,
    "frequency_penalty": 0.1684970209683052,
    "model_name": "baichuan13b_chat"
}