{
    "top_p": 0.9884195969228379,
    "temperature": 0.5678664229191656,
    "max_tokens": 100,
    "presence_penalty": 0.44978744889920896,
    "frequency_penalty": 0.14036617208661628,
    "model": "baichuan7b"
}