{
    "top_p": 0.8519981749391602,
    "temperature": 0.7335227661364645,
    "max_tokens": 100,
    "presence_penalty": 0.8617883092506107,
    "frequency_penalty": 0.29432124482911093,
    "model_name": "baichuan13b_chat"
}