{
    "top_p": 0.8033331682849492,
    "temperature": 0.9397683230347187,
    "max_tokens": 100,
    "presence_penalty": 0.5101249052402062,
    "frequency_penalty": 0.6408281221198284,
    "model_name": "baichuan7b_chat"
}