{
    "top_p": 0.9517313964119904,
    "temperature": 0.5139985065808632,
    "max_tokens": 100,
    "presence_penalty": 0.8252845744178087,
    "frequency_penalty": 0.48133746325931337,
    "model_name": "baichuan7b_chat"
}