{
    "top_p": 0.8594945710560913,
    "temperature": 0.6847122532942325,
    "max_tokens": 100,
    "presence_penalty": 0.013029469137098237,
    "frequency_penalty": 0.7684630138081977,
    "model_name": "baichuan7b_chat"
}