{
    "top_p": 0.8443056395806048,
    "temperature": 0.6972994671915587,
    "max_tokens": 100,
    "presence_penalty": 0.06703540837484445,
    "frequency_penalty": 0.23742029892088445,
    "model_name": "baichuan13b_chat"
}