{
    "top_p": 0.8683153239964024,
    "temperature": 0.5258266248569777,
    "max_tokens": 100,
    "presence_penalty": 0.37807592710967486,
    "frequency_penalty": 0.0031133103293313757,
    "model": "llama2_13b"
}