{
    "top_p": 0.8052902223149233,
    "temperature": 0.7962866378731999,
    "max_tokens": 100,
    "presence_penalty": 0.7973270590702097,
    "frequency_penalty": 0.04368975323352553,
    "model_name": "tulu_13b"
}