{
    "top_p": 0.9768007861202019,
    "temperature": 0.6820175339904775,
    "max_tokens": 100,
    "presence_penalty": 0.05243874675827054,
    "frequency_penalty": 0.22049308233157838,
    "model": "llama2_7b"
}