{
    "top_p": 0.8385974113496991,
    "temperature": 0.782935377119047,
    "max_tokens": 100,
    "presence_penalty": 0.9171420862715425,
    "frequency_penalty": 0.0014663927636581198,
    "model_name": "baichuan13b_chat"
}