{
    "top_p": 0.8886041503847952,
    "temperature": 0.9777285028552141,
    "max_tokens": 100,
    "presence_penalty": 0.4056113658051801,
    "frequency_penalty": 0.5242749260612594,
    "model_name": "gemma7bit"
}