{
    "top_p": 0.8175330420546644,
    "temperature": 0.7845812816185027,
    "max_tokens": 100,
    "presence_penalty": 0.7448499432770344,
    "frequency_penalty": 0.15282678898965452,
    "model_name": "baichuan7b_chat"
}