{
    "top_p": 0.8102732374074111,
    "temperature": 0.8155306673065728,
    "max_tokens": 100,
    "presence_penalty": 0.817810107794508,
    "frequency_penalty": 0.584207789413194,
    "model_name": "baichuan7b_chat"
}