{
    "top_p": 0.9669380830905705,
    "temperature": 0.6951108546317174,
    "max_tokens": 100,
    "presence_penalty": 0.29087387371767204,
    "frequency_penalty": 0.008202666783922452,
    "model_name": "baichuan13b_chat"
}